test/data/tl2071_DSM_2M.asc
ncols 500
nrows 500
xllcorner    520000
yllcorner    271000
cellsize     2
NODATA_value -9999
[rows 160 to 191 of 500, columns 219 to 291 of 500]
12.432 12.425 12.405 12.405 12.405 12.398 12.395 12.398 12.395 12.38 12.368 12.363 12.347 12.34 12.337 12.337 12.347 12.333 12.337 12.337 12.33 12.325 12.307 12.288 12.26 12.22 12.182 12.157 12.125 12.102 12.085 12.073 12.068 12.06 12.05 12.035 12.017 12.007 11.993 11.972 11.965 11.945 11.927 11.895 11.872 11.852 11.83 11.818 11.795 11.795 11.788 11.788 11.788 11.783 11.753 11.747 11.72 11.698 11.673 11.658 11.627 11.6 11.575 11.545 11.52 11.507 11.503 11.525 11.538 11.542 11.538 11.545 11.505
12.427 12.432 12.432 12.425 12.427 12.432 12.42 12.422 12.417 12.39 12.385 12.382 12.37 12.37 12.372 12.375 12.37 12.38 12.375 12.355 12.337 12.328 12.302 12.28 12.257 12.233 12.208 12.177 12.16 12.14 12.132 12.108 12.095 12.073 12.06 12.038 12.01 11.997 11.997 11.99 11.97 11.962 11.948 11.925 11.913 11.903 11.863 11.852 11.837 11.82 11.812 11.798 11.792 11.79 11.785 11.762 11.745 11.717 11.682 11.642 11.613 11.587 11.552 11.532 11.513 11.495 11.487 11.5 11.5 11.51 11.51 11.495 11.477
12.438 12.432 12.427 12.427 12.43 12.445 12.438 12.438 12.435 12.423 12.415 12.413 12.407 12.405 12.4 12.403 12.4 12.405 12.403 12.395 12.375 12.36 12.333 12.295 12.265 12.225 12.2 12.173 12.17 12.157 12.14 12.137 12.122 12.12 12.11 12.083 12.065 12.038 12.023 12.005 11.985 11.968 11.948 11.917 11.907 11.895 11.89 11.878 11.868 11.863 11.86 11.85 11.812 11.802 11.785 11.77 11.74 11.717 11.67 11.63 11.592 11.57 11.555 11.56 11.562 11.562 11.538 11.535 11.528 11.525 11.5 11.477 11.458
12.435 12.43 12.423 12.438 12.43 12.438 12.45 12.45 12.432 12.415 12.41 12.43 12.435 12.442 12.443 12.44 12.44 12.435 12.432 12.425 12.398 12.378 12.352 12.325 12.292 12.267 12.235 12.205 12.198 12.188 12.163 12.145 12.132 12.118 12.12 12.095 12.085 12.075 12.05 12.048 12.017 11.997 11.98 11.952 11.913 11.89 11.87 11.85 11.837 11.837 11.825 11.818 11.833 11.827 11.815 11.79 11.74 11.695 11.637 11.595 11.578 11.58 11.592 11.61 11.618 11.615 11.61 11.58 11.555 11.535 11.525 11.505 11.46
12.462 12.448 12.438 12.443 12.435 12.448 12.443 12.453 12.448 12.44 12.43 12.427 12.43 12.438 12.45 12.46 12.465 12.46 12.46 12.445 12.44 12.408 12.378 12.352 12.325 12.293 12.262 12.243 12.227 12.215 12.205 12.188 12.173 12.16 12.138 12.12 12.095 12.08 12.073 12.042 12.025 12 11.99 11.975 11.967 11.948 11.93 11.927 11.913 11.892 11.87 11.837 11.818 11.802 11.773 11.745 11.7 11.648 11.632 11.625 11.612 11.625 11.637 11.632 11.623 11.59 11.585 11.592 11.577 11.562 11.547 11.512 11.467
12.47 12.468 12.472 12.477 12.477 12.472 12.458 12.448 12.443 12.46 12.455 12.452 12.452 12.452 12.462 12.472 12.475 12.47 12.458 12.445 12.43 12.417 12.395 12.378 12.35 12.323 12.298 12.265 12.255 12.247 12.23 12.215 12.193 12.18 12.17 12.142 12.13 12.115 12.1 12.075 12.05 12.028 11.998 11.972 11.955 11.935 11.925 11.925 11.925 11.917 11.917 11.905 11.895 11.855 11.805 11.743 11.693 11.658 11.645 11.64 11.642 11.638 11.632 11.618 11.618 11.635 11.628 11.618 11.6 11.583 11.555 11.53 11.512
12.48 12.475 12.477 12.48 12.487 12.495 12.487 12.47 12.46 12.462 12.468 12.467 12.458 12.455 12.455 12.462 12.48 12.487 12.483 12.465 12.443 12.417 12.39 12.363 12.342 12.325 12.31 12.292 12.285 12.273 12.26 12.25 12.235 12.215 12.19 12.17 12.148 12.125 12.108 12.09 12.065 12.042 12.023 12 11.983 11.962 11.945 11.935 11.915 11.908 11.885 11.865 11.837 11.8 11.765 11.74 11.722 11.708 11.698 11.665 11.63 11.618 11.642 11.657 11.663 11.642 11.64 11.642 11.597 11.575 11.562 11.545 11.528
12.503 12.49 12.493 12.49 12.485 12.48 12.465 12.455 12.46 12.467 12.472 12.475 12.477 12.475 12.467 12.475 12.477 12.48 12.48 12.48 12.475 12.455 12.427 12.398 12.373 12.337 12.323 12.31 12.302 12.288 12.273 12.255 12.243 12.222 12.208 12.19 12.177 12.163 12.142 12.102 12.078 12.048 12.02 11.997 11.975 11.962 11.948 11.945 11.938 11.917 11.907 11.877 11.84 11.805 11.792 11.78 11.752 11.727 11.685 11.68 11.69 11.675 11.67 11.658 11.635 11.625 11.62 11.62 11.61 11.597 11.58 11.56 11.53
12.507 12.503 12.5 12.493 12.5 12.493 12.48 12.465 12.46 12.462 12.46 12.458 12.477 12.485 12.495 12.503 12.51 12.507 12.507 12.495 12.49 12.465 12.432 12.4 12.385 12.358 12.358 12.337 12.33 12.32 12.295 12.267 12.25 12.23 12.21 12.193 12.177 12.16 12.148 12.13 12.095 12.068 12.045 12.017 12 11.985 11.977 11.955 11.927 11.913 11.875 11.83 11.825 11.82 11.823 11.802 11.767 11.725 11.71 11.715 11.708 11.688 11.68 11.67 11.645 11.665 11.653 11.65 11.637 11.615 11.583 11.557 11.535
12.52 12.525 12.52 12.503 12.503 12.487 12.483 12.477 12.485 12.467 12.467 12.477 12.49 12.483 12.507 12.5 12.505 12.503 12.495 12.495 12.485 12.467 12.458 12.427 12.4 12.38 12.358 12.352 12.342 12.33 12.33 12.305 12.295 12.27 12.255 12.233 12.208 12.182 12.16 12.128 12.09 12.062 12.03 12.013 12 11.985 11.985 11.977 11.948 11.917 11.887 11.868 11.847 11.837 11.84 11.785 11.757 11.757 11.743 11.717 11.702 11.68 11.673 11.682 11.675 11.677 11.653 11.628 11.61 11.587 11.565 11.565 11.557
12.528 12.538 12.54 12.535 12.52 12.515 12.493 12.475 12.477 12.472 12.48 12.483 12.498 12.505 12.523 12.525 12.51 12.507 12.5 12.485 12.458 12.45 12.422 12.405 12.405 12.385 12.375 12.368 12.378 12.36 12.335 12.325 12.31 12.298 12.278 12.257 12.237 12.217 12.185 12.153 12.125 12.087 12.057 12.028 12.005 11.995 11.972 11.948 11.92 11.877 11.88 11.878 11.878 11.855 11.833 11.8 11.783 11.743 11.722 11.7 11.702 11.712 11.727 11.712 11.705 11.665 11.655 11.65 11.65 11.625 11.613 11.573 11.523
12.523 12.525 12.54 12.542 12.517 12.51 12.503 12.505 12.495 12.495 12.503 12.49 12.5 12.493 12.503 12.5 12.5 12.5 12.495 12.493 12.483 12.462 12.443 12.415 12.403 12.395 12.38 12.368 12.365 12.358 12.352 12.345 12.327 12.308 12.295 12.278 12.245 12.22 12.188 12.15 12.115 12.09 12.07 12.048 12.035 12.015 11.997 11.955 11.93 11.905 11.93 11.915 11.887 11.825 11.835 11.815 11.767 11.747 11.722 11.722 11.735 11.735 11.73 11.715 11.705 11.71 11.708 11.685 11.635 11.583 11.565 11.528 11.505
12.573 12.555 12.555 12.535 12.528 12.533 12.507 12.49 12.495 12.503 12.495 12.505 12.513 12.523 12.515 12.51 12.513 12.488 12.487 12.462 12.455 12.435 12.425 12.422 12.408 12.398 12.392 12.392 12.378 12.365 12.35 12.352 12.34 12.328 12.31 12.288 12.262 12.23 12.198 12.158 12.132 12.108 12.08 12.052 12.028 11.997 11.977 11.935 11.93 11.943 11.94 11.908 11.888 11.86 11.83 11.802 11.775 11.755 11.747 11.763 11.747 11.73 11.74 11.755 11.733 11.685 11.64 11.618 11.608 11.555 11.417 11.342 11.335
12.59 12.58 12.57 12.57 12.557 12.547 12.535 12.528 12.515 12.512 12.515 12.517 12.517 12.517 12.52 12.513 12.52 12.513 12.5 12.49 12.467 12.438 12.413 12.392 12.372 12.37 12.358 12.365 12.375 12.382 12.378 12.382 12.373 12.355 12.335 12.3 12.265 12.233 12.198 12.163 12.148 12.125 12.1 12.092 12.065 12.023 11.983 11.96 11.962 11.975 11.932 11.892 11.898 11.868 11.835 11.815 11.798 11.767 11.76 11.77 11.757 11.755 11.76 11.745 11.688 11.7 11.688 11.62 11.675 12.245 12.5 12.45 12.515
12.615 12.613 12.6 12.59 12.583 12.573 12.562 12.542 12.535 12.525 12.54 12.535 12.548 12.542 12.538 12.535 12.523 12.505 12.485 12.477 12.448 12.43 12.413 12.392 12.385 12.378 12.375 12.365 12.368 12.358 12.363 12.347 12.343 12.333 12.325 12.307 12.28 12.247 12.215 12.19 12.167 12.142 12.108 12.085 12.055 12 11.985 11.987 11.987 11.967 11.942 11.927 11.88 11.863 11.84 11.812 11.795 11.778 11.785 11.778 11.76 11.727 11.75 11.76 11.837 11.782 12.225 12.05 12.568 13.725 12.92 13.847 13.56
12.605 12.59 12.583 12.597 12.585 12.575 12.583 12.58 12.58 12.56 12.54 12.542 12.545 12.535 12.538 12.538 12.538 12.528 12.503 12.477 12.448 12.427 12.413 12.387 12.375 12.368 12.372 12.375 12.378 12.37 12.365 12.362 12.343 12.32 12.3 12.283 12.25 12.215 12.202 12.182 12.16 12.14 12.123 12.095 12.068 12.038 12.02 12.02 11.993 11.935 11.94 11.922 11.895 11.87 11.84 11.823 11.805 11.8 11.802 11.775 11.718 11.753 11.773 12.11 12.167 12.05 12.295 13.11 12.882 13.042 13.323 14.083 14.85
12.62 12.59 12.605 12.602 12.585 12.58 12.56 12.552 12.573 12.573 12.575 12.568 12.573 12.583 12.565 12.55 12.532 12.525 12.503 12.477 12.45 12.432 12.413 12.398 12.382 12.375 12.372 12.365 12.358 12.352 12.342 12.345 12.333 12.323 12.307 12.285 12.262 12.247 12.215 12.182 12.17 12.15 12.128 12.092 12.045 12.04 12.057 12.047 12.003 11.97 11.945 11.917 11.9 11.89 11.858 11.828 11.823 11.812 11.793 11.743 11.78 11.6 11.752 13.927 12.325 12.87 13.167 13.323 13.727 14.695 13.995 14.292 14.58
12.618 12.618 12.622 12.622 12.613 12.597 12.595 12.583 12.583 12.568 12.56 12.557 12.552 12.552 12.55 12.53 12.535 12.515 12.49 12.477 12.458 12.43 12.415 12.395 12.38 12.372 12.365 12.36 12.352 12.347 12.335 12.323 12.318 12.302 12.275 12.257 12.24 12.217 12.212 12.193 12.18 12.16 12.13 12.105 12.087 12.093 12.073 12.033 11.997 11.985 11.952 11.925 11.907 11.885 11.858 11.85 11.843 11.805 11.77 11.812 11.56 12.15 12.175 12.653 13.087 13.418 13.743 14.073 14.77 14.865 14.845 14.835 15.53
12.628 12.63 12.61 12.618 12.6 12.59 12.595 12.595 12.595 12.59 12.597 12.6 12.58 12.562 12.557 12.545 12.517 12.49 12.487 12.47 12.445 12.435 12.42 12.415 12.405 12.388 12.375 12.358 12.343 12.337 12.337 12.325 12.307 12.298 12.28 12.267 12.24 12.212 12.193 12.167 12.158 12.122 12.087 12.052 12.057 12.08 12.052 12.04 12.03 11.99 11.97 11.95 11.923 11.91 11.898 11.875 11.812 11.792 11.807 11.863 12.778 12.288 12.835 13.307 13.767 14.148 14.5 14.983 15.497 16.327 15.467 15.54 15.663
12.623 12.613 12.61 12.6 12.583 12.57 12.573 12.58 12.593 12.597 12.608 12.597 12.59 12.58 12.577 12.562 12.538 12.52 12.495 12.467 12.438 12.415 12.392 12.39 12.39 12.39 12.378 12.358 12.35 12.337 12.333 12.32 12.292 12.27 12.257 12.255 12.225 12.203 12.182 12.16 12.15 12.115 12.097 12.077 12.09 12.077 12.035 12.043 12.033 11.993 11.972 11.948 11.923 11.925 11.905 11.845 11.823 11.872 12.148 12.895 13.517 13.96 14.323 14.12 14.515 14.807 15.182 15.56 15.868 16.05 16.173 16.298 16.443
12.653 12.637 12.62 12.605 12.602 12.6 12.595 12.59 12.592 12.587 12.595 12.593 12.587 12.57 12.582 12.565 12.545 12.525 12.503 12.483 12.462 12.445 12.425 12.405 12.385 12.385 12.378 12.36 12.345 12.325 12.307 12.307 12.29 12.267 12.253 12.23 12.215 12.185 12.157 12.14 12.12 12.097 12.095 12.09 12.087 12.08 12.062 12.045 12.023 11.99 11.972 11.945 11.942 11.922 11.887 11.823 11.84 11.648 12.632 12.73 12.972 13.948 14.108 14.605 15.06 15.477 15.908 16.31 16.657 16.91 17.362 17.623 17.427
12.628 12.635 12.622 12.618 12.628 12.618 12.615 12.61 12.613 12.613 12.628 12.618 12.61 12.58 12.573 12.547 12.533 12.513 12.485 12.475 12.455 12.438 12.423 12.413 12.41 12.398 12.375 12.372 12.355 12.327 12.31 12.29 12.265 12.24 12.222 12.2 12.182 12.177 12.16 12.142 12.097 12.08 12.085 12.083 12.068 12.05 12.062 12.057 12.025 12.013 11.985 11.955 11.955 11.917 11.86 11.858 11.68 11.86 12.66 12.962 13.538 14.163 14.722 15.208 15.71 16.17 16.665 17.173 17.583 17.858 17.99 18.18 18.092
12.59 12.585 12.578 12.59 12.595 12.613 12.618 12.622 12.615 12.62 12.62 12.615 12.608 12.605 12.587 12.578 12.545 12.51 12.493 12.455 12.43 12.413 12.392 12.398 12.405 12.385 12.385 12.375 12.363 12.34 12.315 12.288 12.262 12.243 12.217 12.185 12.157 12.145 12.122 12.095 12.077 12.055 12.068 12.075 12.057 12.047 12.048 12.038 12.028 12 11.975 11.97 11.943 11.89 11.885 11.737 11.98 12.207 13.42 13.443 14.3 14.875 15.293 16.915 16.41 16.983 17.545 17.903 18.017 18.062 18.065 18.077 18.087
12.58 12.575 12.56 12.565 12.585 12.585 12.587 12.605 12.623 12.632 12.64 12.63 12.637 12.605 12.59 12.57 12.54 12.52 12.49 12.467 12.448 12.432 12.423 12.41 12.403 12.387 12.365 12.352 12.345 12.333 12.315 12.293 12.273 12.247 12.225 12.202 12.185 12.165 12.125 12.097 12.085 12.085 12.068 12.055 12.033 12.048 12.025 12.02 11.997 11.965 11.958 11.945 11.92 11.873 11.845 11.715 12.637 12.655 13.295 13.975 14.802 15.708 16.085 17.435 17.265 17.747 17.843 17.88 17.927 17.978 18.033 18.052 18.087
12.59 12.583 12.583 12.578 12.575 12.585 12.592 12.593 12.613 12.613 12.612 12.615 12.6 12.605 12.597 12.585 12.558 12.525 12.503 12.47 12.452 12.427 12.425 12.41 12.407 12.398 12.382 12.365 12.342 12.323 12.305 12.28 12.25 12.237 12.212 12.182 12.17 12.148 12.11 12.083 12.075 12.06 12.06 12.028 12.023 12.03 12 11.98 11.965 11.945 11.955 11.945 11.872 11.887 11.885 12.092 12.46 13.12 13.78 14.493 15.2 15.905 16.683 17.415 17.878 17.688 17.717 17.798 17.87 17.955 18.003 18.035 18.085
12.565 12.555 12.562 12.58 12.578 12.578 12.585 12.6 12.605 12.61 12.62 12.61 12.597 12.575 12.57 12.555 12.528 12.505 12.485 12.465 12.448 12.448 12.427 12.417 12.405 12.392 12.375 12.36 12.347 12.325 12.31 12.29 12.275 12.235 12.212 12.185 12.15 12.125 12.093 12.083 12.065 12.06 12.017 11.997 12.012 11.997 11.975 11.97 11.94 11.923 11.94 11.903 11.843 11.835 12.738 12.233 12.882 13.597 14.278 14.967 15.775 16.87 17.295 17.53 17.503 17.575 17.653 17.733 17.827 17.91 17.98 18.023 18.077
12.57 12.562 12.57 12.565 12.568 12.555 12.562 12.575 12.585 12.597 12.602 12.6 12.597 12.602 12.59 12.57 12.545 12.512 12.493 12.46 12.442 12.423 12.417 12.413 12.395 12.395 12.37 12.352 12.333 12.315 12.298 12.273 12.257 12.233 12.21 12.175 12.135 12.11 12.09 12.073 12.073 12.05 11.993 11.993 11.972 11.958 11.94 11.938 11.917 11.922 11.907 11.823 11.845 12.21 15.167 12.645 13.31 14.023 15.212 15.658 16.642 17.022 17.225 17.31 17.41 17.493 17.587 17.67 17.767 17.853 17.932 17.997 18.06
12.565 12.565 12.545 12.56 12.565 12.58 12.58 12.59 12.595 12.583 12.575 12.565 12.56 12.56 12.545 12.535 12.533 12.52 12.5 12.475 12.465 12.443 12.427 12.415 12.39 12.378 12.36 12.352 12.333 12.307 12.282 12.263 12.25 12.24 12.22 12.175 12.145 12.115 12.085 12.075 12.062 12.017 11.99 11.993 11.958 11.938 11.92 11.89 11.89 11.9 11.86 11.83 11.755 12.562 14.48 13.158 13.73 14.47 15.205 16.157 16.842 17.073 17.142 17.215 17.507 17.425 17.513 17.603 17.685 17.772 17.853 17.943 18.013
12.57 12.56 12.55 12.55 12.555 12.555 12.568 12.575 12.595 12.59 12.578 12.568 12.56 12.562 12.552 12.528 12.513 12.488 12.455 12.445 12.435 12.432 12.432 12.425 12.42 12.403 12.387 12.363 12.333 12.3 12.28 12.253 12.235 12.215 12.185 12.145 12.102 12.087 12.08 12.062 12.04 12.013 11.983 11.97 11.948 11.93 11.898 11.88 11.885 11.88 11.818 11.855 11.995 13.66 13.22 13.365 14.648 14.887 15.65 16.502 16.858 16.927 17.033 17.13 17.233 17.325 17.432 17.513 17.605 17.698 17.798 17.913 18.033
12.565 12.555 12.545 12.542 12.552 12.557 12.568 12.577 12.577 12.568 12.56 12.54 12.523 12.52 12.507 12.51 12.505 12.5 12.472 12.443 12.44 12.432 12.41 12.407 12.398 12.39 12.375 12.365 12.347 12.325 12.295 12.267 12.24 12.21 12.17 12.122 12.087 12.075 12.062 12.048 12.007 12.01 11.997 11.965 11.943 11.927 11.887 11.875 11.88 11.83 11.802 11.725 12.03 13.555 14.685 13.913 14.493 15.57 16.105 16.635 16.745 16.833 16.935 17.045 17.132 17.243 17.675 17.43 17.597 17.692 17.81 17.938 18.068
12.585 12.573 12.565 12.55 12.542 12.54 12.557 12.555 12.56 12.55 12.555 12.555 12.535 12.517 12.493 12.467 12.44 12.448 12.443 12.443 12.435 12.432 12.44 12.422 12.415 12.4 12.368 12.333 12.305 12.292 12.275 12.263 12.233 12.19 12.153 12.108 12.083 12.09 12.083 12.038 11.993 12.007 11.983 11.95 11.935 11.907 11.89 11.885 11.858 11.812 11.83 11.597 11.903 12.547 13.355 14.142 14.945 15.668 16.375 16.565 16.647 16.745 16.855 16.952 17.052 17.13 17.247 17.445 17.625 17.8 17.96 18.048 18.145
12.562 12.56 12.565 12.57 12.565 12.565 12.557 12.552 12.538 12.53 12.52 12.51 12.512 12.495 12.487 12.465 12.452 12.438 12.427 12.425 12.435 12.42 12.423 12.41 12.403 12.39 12.368 12.35 12.325 12.293 12.275 12.25 12.208 12.17 12.137 12.12 12.102 12.092 12.048 12.023 12.038 12.005 11.987 11.955 11.923 11.892 11.885 11.892 11.83 11.815 11.693 11.738 12.413 12.965 13.78 14.75 15.465 16.028 16.375 16.465 16.555 16.663 16.757 16.858 16.93 17.055 17.26 17.488 17.735 17.9 18.068 18.235 18.318
