test/data/tl2071_DSM_2M.asc
ncols 500
nrows 500
xllcorner    520000
yllcorner    271000
cellsize     2
NODATA_value -9999
[rows 192 to 223 of 500, columns 73 to 145 of 500]
12.65 12.49 12.38 12.333 12.345 12.35 12.41 12.448 12.452 12.41 12.417 12.378 12.398 12.425 12.538 12.47 12.483 12.48 12.48 12.472 12.46 12.49 12.465 12.477 12.5 12.517 12.535 12.538 12.54 12.583 12.565 12.547 12.525 12.52 12.517 12.548 12.548 12.533 12.55 12.562 12.548 12.512 12.505 12.552 12.595 12.635 12.613 12.625 12.583 12.56 12.57 12.505 12.52 12.452 12.41 12.425 12.438 12.435 12.41 12.365 12.425 12.462 12.467 12.485 12.562 12.587 12.6 12.595 12.592 12.587 12.59 12.613 12.632
12.51 12.467 12.523 12.455 12.38 12.312 12.318 12.335 12.358 12.435 12.483 12.475 12.445 12.415 12.438 12.442 12.47 12.49 12.485 12.49 12.49 12.448 12.47 12.462 12.467 12.475 12.485 12.485 12.475 12.488 12.51 12.493 12.487 12.472 12.495 12.525 12.535 12.515 12.528 12.542 12.557 12.525 12.507 12.56 12.602 12.595 12.555 12.625 12.585 12.535 12.477 12.495 12.483 12.422 12.452 12.458 12.477 12.462 12.43 12.395 12.422 12.47 12.477 12.493 12.562 12.595 12.63 12.63 12.618 12.62 12.625 12.635 12.628
12.957 12.698 12.512 12.472 12.47 12.472 12.45 12.337 12.3 12.347 12.372 12.42 12.483 12.523 12.51 12.47 12.47 12.462 12.46 12.453 12.445 12.435 12.47 12.453 12.462 12.443 12.43 12.43 12.427 12.417 12.425 12.443 12.46 12.47 12.483 12.515 12.517 12.54 12.528 12.533 12.533 12.538 12.51 12.593 12.57 12.587 12.56 12.615 12.55 12.52 12.43 12.46 12.43 12.44 12.495 12.512 12.525 12.477 12.455 12.425 12.417 12.435 12.483 12.515 12.565 12.597 12.595 12.6 12.602 12.61 12.615 12.63 12.637
13.755 13.555 13.033 12.655 12.248 12.3 12.815 12.54 12.625 12.538 12.375 12.368 12.387 12.42 12.49 12.55 12.557 12.523 12.525 12.48 12.455 12.44 12.477 12.462 12.445 12.432 12.457 12.438 12.425 12.41 12.422 12.44 12.438 12.48 12.477 12.512 12.507 12.512 12.53 12.517 12.55 12.55 12.552 12.55 12.595 12.557 12.56 12.61 12.53 12.472 12.452 12.435 12.438 12.49 12.538 12.562 12.538 12.465 12.415 12.422 12.408 12.42 12.477 12.54 12.575 12.597 12.62 12.615 12.61 12.608 12.62 12.615 12.618
14.245 14.113 13.775 13.333 12.923 12.64 12.295 12.257 12.382 12.548 12.56 12.58 12.448 12.415 12.417 12.45 12.462 12.485 12.545 12.57 12.528 12.505 12.5 12.503 12.515 12.458 12.445 12.51 12.51 12.49 12.49 12.46 12.452 12.438 12.438 12.47 12.445 12.46 12.475 12.462 12.465 12.56 12.48 12.545 12.632 12.565 12.578 12.57 12.533 12.477 12.485 12.448 12.475 12.528 12.568 12.57 12.535 12.438 12.405 12.425 12.438 12.462 12.458 12.512 12.535 12.54 12.562 12.592 12.595 12.6 12.608 12.613 12.625
14.328 14.28 14.222 14.087 13.805 13.448 13.085 12.807 12.532 12.245 12.215 12.47 12.61 12.6 12.56 12.483 12.415 12.405 12.435 12.472 12.533 12.557 12.56 12.548 12.528 12.632 12.443 12.557 12.578 12.535 12.46 12.49 12.545 12.485 12.462 12.452 12.41 12.378 12.378 12.403 12.417 12.415 12.455 12.557 12.677 12.568 12.56 12.55 12.622 12.46 12.49 12.46 12.485 12.53 12.58 12.568 12.5 12.438 12.425 12.432 12.462 12.483 12.485 12.525 12.538 12.533 12.53 12.55 12.55 12.555 12.565 12.578 12.585
14.347 14.335 14.307 14.253 14.253 14.13 13.87 13.512 13.198 12.935 12.705 12.477 12.222 12.337 12.562 12.62 12.61 12.523 12.452 12.438 12.443 12.455 12.472 12.493 12.49 12.505 12.505 12.49 12.507 12.48 12.497 12.488 12.64 12.557 12.523 12.45 12.38 12.337 12.665 12.462 12.36 12.413 12.448 12.58 12.65 12.593 12.608 12.56 12.485 12.448 12.47 12.488 12.465 12.52 12.565 12.545 12.47 12.438 12.46 12.46 12.483 12.483 12.52 12.568 12.592 12.557 12.54 12.532 12.538 12.535 12.53 12.53 12.545
14.403 14.37 14.34 14.355 14.323 14.292 14.25 14.148 13.972 13.695 13.415 13.155 12.917 12.637 12.347 12.302 12.378 12.565 12.585 12.592 13.62 12.472 12.443 12.45 12.455 12.455 12.46 12.472 12.48 12.493 12.485 12.483 12.475 12.465 12.485 12.5 12.468 12.467 12.417 12.452 12.578 12.637 12.823 12.693 12.685 12.712 12.695 12.517 12.45 12.488 12.477 12.477 12.477 12.55 12.562 12.525 12.48 12.44 12.455 12.465 12.485 12.507 12.55 12.587 12.6 12.602 12.593 12.57 12.548 12.56 12.558 12.558 12.565
14.498 14.462 14.44 14.403 14.365 14.352 14.337 14.3 14.25 14.21 14.095 13.905 14.33 13.35 13.1 12.802 12.517 12.257 12.245 12.403 12.693 12.595 12.57 12.557 12.528 12.492 12.487 12.515 12.515 12.517 12.515 12.512 12.503 12.493 12.503 12.507 12.525 12.53 12.79 12.755 12.835 13.565 13.243 13.432 13.618 13.538 12.833 12.487 12.452 12.51 12.517 12.475 12.52 12.578 12.565 12.507 12.515 12.498 12.488 12.498 12.497 12.53 12.562 12.597 12.585 12.592 12.595 12.585 12.59 12.59 12.597 12.597 12.602
14.932 14.788 14.528 14.497 14.465 14.425 14.39 14.36 14.335 14.32 14.288 14.212 14.165 14.07 13.835 13.515 13.26 13.585 12.935 12.46 12.182 12.275 12.377 12.622 13.05 12.67 12.655 12.597 12.59 12.548 12.545 12.54 12.515 12.512 12.51 12.505 12.523 12.535 12.59 12.702 12.895 12.917 12.97 13.75 14.333 14.13 13.092 12.565 12.52 12.535 12.517 12.477 12.525 12.585 12.533 12.512 12.505 12.52 12.523 12.535 12.558 12.57 12.568 12.57 12.552 12.545 12.55 12.578 12.585 12.597 12.602 12.6 12.608
14.68 14.703 14.628 14.585 14.56 14.523 14.488 14.458 14.425 14.392 14.358 14.338 14.31 14.29 14.222 14.18 14.052 15.108 13.575 13.335 13.048 12.788 12.403 12.233 12.145 12.438 12.6 12.76 12.642 12.707 12.61 12.6 12.55 12.535 12.532 12.525 12.532 12.533 12.517 12.503 12.507 12.528 12.59 12.735 13.08 13.177 12.685 12.54 12.535 12.583 12.618 12.587 12.543 12.557 12.538 12.528 12.52 12.54 12.538 12.555 12.58 12.587 12.61 12.61 12.602 12.592 12.562 12.555 12.56 12.55 12.562 12.585 12.597
14.93 14.75 14.717 14.672 14.64 14.615 14.578 14.55 14.53 14.49 14.455 14.422 14.387 14.35 14.323 14.292 14.262 14.222 14.167 14.062 13.878 13.632 13.4 13.165 12.96 12.655 12.363 12.245 12.547 12.548 12.585 12.575 12.637 12.662 12.595 12.575 12.545 12.523 12.507 12.495 12.5 12.507 12.507 12.525 12.538 12.548 12.555 12.57 12.558 12.613 12.665 12.64 12.597 12.575 12.592 12.57 12.59 12.587 12.595 12.605 12.613 12.625 12.628 12.645 12.613 12.615 12.597 12.587 12.585 12.605 12.61 12.59 12.595
14.717 14.795 14.842 14.775 14.738 14.7 14.677 14.65 14.615 14.58 14.54 14.517 14.475 14.44 14.405 14.36 14.323 14.31 14.275 14.25 14.26 14.233 14.09 13.943 13.682 13.448 13.203 13.015 12.955 13.267 12.45 12.312 12.355 12.573 12.602 12.818 12.62 12.613 12.545 12.525 12.517 12.503 12.512 12.528 12.53 12.54 12.538 12.555 12.552 12.575 12.58 12.59 12.605 12.642 12.622 12.665 12.663 12.658 12.648 12.635 12.632 12.645 12.64 12.64 12.645 12.622 12.622 12.628 12.622 12.62 12.622 12.625 12.63
14.7 14.64 14.655 14.76 14.962 14.858 14.785 14.73 14.7 14.663 14.635 14.59 14.56 14.53 14.495 14.46 14.427 14.392 14.352 14.325 14.292 14.273 14.263 14.25 14.217 14.11 13.94 13.71 13.807 13.352 13.63 12.765 12.472 12.307 12.35 12.36 12.485 12.592 12.682 12.653 12.69 12.585 12.507 12.552 12.53 12.523 12.54 12.53 12.53 12.535 12.54 12.547 12.58 12.59 12.6 12.623 12.663 12.698 12.71 12.708 12.705 12.68 12.672 12.665 12.642 12.632 12.625 12.622 12.628 12.628 12.627 12.637 12.64
14.81 14.778 14.74 14.667 14.645 14.693 14.8 14.91 14.88 14.757 14.717 14.68 14.65 14.622 14.59 14.552 14.512 14.477 14.448 14.41 14.373 14.333 14.295 14.278 14.26 14.227 14.202 14.172 14.092 14.142 13.773 13.443 13.15 12.94 12.825 12.79 12.38 12.352 12.26 12.44 12.608 12.705 12.66 12.715 12.667 12.585 12.548 12.545 12.515 12.513 12.5 12.525 12.54 12.56 12.573 12.587 12.593 12.597 12.615 12.653 12.682 12.722 12.73 12.717 12.693 12.68 12.667 12.653 12.642 12.625 12.615 12.63 12.622
14.892 14.868 14.828 14.802 14.77 14.733 14.662 14.645 14.682 14.797 14.87 14.77 14.747 14.71 14.677 14.637 14.597 14.575 14.543 14.51 14.462 14.435 14.387 14.365 14.323 14.29 14.262 14.227 14.215 14.203 14.158 14.09 13.958 13.727 13.505 13.247 13.002 12.88 12.72 12.47 12.25 12.215 12.312 12.57 12.672 12.705 12.635 12.6 12.575 12.57 12.52 12.532 12.538 12.542 12.545 12.552 12.562 12.575 12.59 12.6 12.613 12.625 12.65 12.665 12.682 12.705 12.717 12.722 12.715 12.715 12.7 12.658 12.648
14.977 14.95 14.913 14.885 14.852 14.828 14.783 14.75 14.695 14.648 14.64 14.712 14.783 14.828 14.78 14.73 14.7 14.665 14.635 14.587 14.562 14.515 14.483 14.448 14.413 14.38 14.352 14.318 14.27 14.25 14.215 14.195 14.165 14.14 14.062 13.945 13.767 13.568 14.217 13.148 12.975 12.818 12.635 12.485 12.328 12.325 12.44 12.54 12.578 12.575 12.542 12.57 12.552 12.583 12.568 12.562 12.555 12.54 12.545 12.56 12.582 12.595 12.592 12.587 12.592 12.587 12.608 12.635 12.67 12.717 12.753 12.75 12.747
15.085 15.048 15.007 14.977 14.948 14.913 14.87 14.837 14.805 14.775 14.74 14.685 14.63 14.663 14.788 14.815 14.833 14.757 14.722 14.688 14.642 14.61 14.578 14.538 14.505 14.477 14.443 14.41 14.37 14.335 14.3 14.262 14.225 14.195 14.172 14.142 14.122 14.09 13.988 13.845 13.663 13.52 13.318 13.1 12.868 12.788 12.595 12.387 12.265 12.26 12.392 12.545 12.583 12.587 12.587 12.622 12.65 12.637 12.575 12.557 12.56 12.552 12.55 12.55 12.545 12.543 12.56 12.575 12.585 12.587 12.6 12.62 12.645
15.195 15.163 15.108 15.07 15.035 14.99 14.958 14.925 14.895 14.86 14.835 14.798 14.755 14.72 14.658 14.637 14.677 14.78 14.82 14.945 14.773 14.7 14.67 14.622 14.595 14.562 14.533 14.503 14.46 14.44 14.4 14.358 14.32 14.283 14.257 14.225 14.19 14.17 14.145 14.115 14.078 14.023 13.943 13.755 13.632 13.39 13.172 13.01 12.818 12.712 12.47 12.35 12.243 12.32 12.465 12.503 12.625 12.63 12.58 12.578 12.57 12.575 12.56 12.547 12.54 12.515 12.505 12.535 12.533 12.533 12.55 12.557 12.568
15.343 15.358 15.312 15.193 15.135 15.102 15.062 15.023 14.993 14.958 14.92 14.873 14.847 14.807 14.775 14.738 14.69 14.645 14.628 14.688 14.767 14.875 14.815 14.73 14.695 14.665 14.635 14.595 14.565 14.53 14.493 14.443 14.413 14.378 14.347 14.323 14.288 14.245 14.208 14.16 14.132 14.132 14.09 14.08 14.06 13.98 13.855 13.677 13.448 13.243 13.057 12.932 12.755 12.595 12.413 12.248 12.265 12.273 12.413 12.5 12.51 12.52 12.523 12.548 12.548 12.56 12.54 12.53 12.525 12.502 12.5 12.512 12.523
14.807 15.17 15.358 15.215 15.463 15.233 15.195 15.122 15.087 15.045 14.997 14.972 14.927 14.908 14.868 14.835 14.805 14.757 14.72 14.68 14.623 14.622 14.693 14.792 14.805 14.815 14.722 14.682 14.655 14.613 14.568 14.54 14.507 14.48 14.452 14.43 14.39 14.352 14.3 14.267 14.227 14.18 14.158 14.123 14.105 14.087 14.077 14.055 13.99 13.903 13.81 13.653 13.535 13.368 13.167 12.948 12.795 12.645 12.487 12.3 12.235 12.275 12.398 12.533 12.56 12.565 12.568 12.565 12.542 12.53 12.517 12.523 12.535
14.102 14.35 14.597 14.89 15.177 15.415 15.283 15.273 15.205 15.155 15.105 15.057 15.033 14.995 14.96 14.923 14.898 14.858 14.82 14.783 14.755 14.71 14.658 14.627 14.622 14.672 14.81 14.85 14.915 14.71 14.67 14.632 14.597 14.573 14.545 14.515 14.477 14.44 14.41 14.375 14.333 14.29 14.265 14.235 14.195 14.155 14.122 14.065 14.055 14.038 13.995 13.972 13.927 13.913 13.85 13.685 13.528 13.355 13.16 12.972 12.835 12.682 12.577 12.398 12.283 12.298 12.46 12.557 12.568 12.545 12.525 12.525 12.552
13.352 13.765 13.875 14.502 14.435 14.708 14.98 15.23 15.24 15.205 15.22 15.198 15.13 15.095 15.055 15.017 14.983 14.943 14.92 14.875 14.842 14.815 14.773 14.745 14.712 14.655 14.6 14.573 14.623 14.675 14.787 14.74 14.693 14.655 14.62 14.6 14.562 14.53 14.517 14.465 14.417 14.398 14.368 14.33 14.29 14.257 14.205 14.17 14.125 14.09 14.055 14.025 14.013 13.985 13.977 13.97 13.945 13.863 13.788 13.658 13.5 13.307 13.18 12.885 12.805 12.715 12.555 12.342 12.355 12.318 12.36 12.495 12.568
12.738 13.095 13.22 13.46 13.71 14 14.24 14.458 14.773 15.012 15.102 15.175 15.52 15.217 15.172 15.118 15.082 15.05 15.005 14.97 14.94 14.898 14.872 14.837 14.79 14.765 14.725 14.677 14.627 14.562 14.56 14.608 14.698 14.76 14.733 14.695 14.66 14.625 14.59 14.557 14.528 14.497 14.462 14.432 14.405 14.35 14.312 14.275 14.225 14.188 14.155 14.102 14.073 14.035 14.002 13.977 13.962 13.938 13.94 13.932 13.91 13.852 13.765 13.753 13.53 13.33 13.122 12.957 12.83 12.77 12.645 12.448 12.323
12.025 12.432 12.712 12.865 13.023 13.292 13.548 13.775 14.065 14.337 14.61 14.87 15.11 15.17 15.517 15.337 15.212 15.148 15.108 15.07 15.028 14.997 14.975 14.935 14.895 14.85 14.807 14.775 14.733 14.698 14.667 14.615 14.573 14.562 14.59 14.693 14.73 14.712 14.773 14.655 14.618 14.592 14.57 14.525 14.49 14.448 14.4 14.362 14.325 14.29 14.245 14.21 14.17 14.153 14.115 14.07 14.033 13.998 13.977 13.935 13.915 13.915 13.89 13.895 13.898 13.85 13.807 13.693 13.517 13.34 13.172 13.05 12.907
12.94 11.86 11.788 12.175 12.587 12.778 12.905 13.09 13.34 13.62 13.88 14.19 14.485 14.795 15.02 15.17 15.338 15.235 15.212 15.2 15.137 15.092 15.07 15.035 14.99 14.948 14.905 14.868 14.823 14.795 14.757 14.725 14.695 14.667 14.632 14.578 14.55 14.56 14.642 14.8 14.743 14.68 14.658 14.622 14.58 14.542 14.5 14.455 14.425 14.372 14.34 14.3 14.265 14.245 14.215 14.18 14.137 14.097 14.062 14.035 13.995 13.96 13.932 13.887 13.852 13.873 13.852 13.863 13.847 13.792 13.745 13.677 13.56
12.72 12.78 12.493 12.225 11.827 11.99 12.288 12.653 12.775 12.935 13.135 13.42 13.75 14.057 14.318 14.56 14.825 15.023 15.102 15.225 15.235 15.215 15.21 15.135 15.092 15.043 15.01 14.97 14.932 14.898 14.858 14.82 14.795 14.757 14.733 14.69 14.653 14.615 14.55 14.525 14.54 14.59 14.672 14.68 14.75 14.632 14.592 14.547 14.512 14.472 14.432 14.398 14.368 14.352 14.315 14.28 14.245 14.208 14.172 14.137 14.095 14.048 14.012 13.98 13.958 13.915 13.892 13.87 13.835 13.828 13.802 13.78 13.775
12.707 12.717 12.852 12.75 12.975 12.458 12.07 11.78 11.96 12.335 12.757 12.842 13.033 13.27 13.53 13.765 14.042 14.35 14.62 14.898 15.023 15.065 15.315 15.217 15.195 15.172 15.115 15.075 15.045 14.998 14.955 14.925 14.892 14.86 14.823 14.78 14.735 14.705 14.68 14.637 14.605 14.555 14.51 14.502 14.507 14.592 14.618 14.608 14.602 14.57 14.52 14.488 14.467 14.455 14.405 14.37 14.337 14.3 14.275 14.23 14.202 14.167 14.125 14.093 14.052 14.023 14.003 13.97 13.938 13.913 13.868 13.835 13.805
12.648 12.622 12.655 12.69 12.773 12.938 12.802 12.685 12.427 12.038 11.795 11.99 12.485 12.828 12.887 13.198 13.273 13.63 13.85 14.137 14.42 14.677 14.89 15.078 15.105 15.307 15.212 15.208 15.158 15.113 15.075 15.03 15 14.963 14.913 14.875 14.835 14.795 14.76 14.733 14.703 14.673 14.637 14.605 14.57 14.51 14.46 14.432 14.483 14.547 14.573 14.57 14.555 14.523 14.5 14.472 14.43 14.405 14.368 14.34 14.29 14.255 14.222 14.185 14.155 14.115 14.108 14.07 14.04 13.995 13.972 13.943 13.895
12.665 12.665 12.658 12.653 12.655 12.695 12.755 12.835 12.885 12.89 12.75 12.395 12.06 11.878 12.11 12.475 12.82 12.945 13.11 13.352 13.632 13.89 14.153 14.41 14.655 14.85 15.003 15.135 15.305 15.212 15.188 15.16 15.105 15.065 15.015 14.985 14.943 14.898 14.865 14.825 14.795 14.755 14.717 14.682 14.653 14.625 14.595 14.562 14.5 14.44 14.417 14.443 14.498 14.535 14.57 14.538 14.525 14.483 14.462 14.425 14.385 14.358 14.33 14.29 14.248 14.218 14.185 14.167 14.122 14.1 14.06 14.03 13.997
12.632 12.675 12.692 12.702 12.703 12.703 12.69 12.688 12.733 12.782 12.855 12.885 12.887 12.807 12.405 12.13 11.847 11.988 12.415 12.778 13.045 13.172 13.365 13.53 14.19 14.045 14.467 14.635 14.82 14.955 15.097 15.158 15.207 15.17 15.138 15.08 15.042 15.002 14.965 14.925 14.882 14.85 14.812 14.773 14.747 14.705 14.672 14.64 14.608 14.575 14.53 14.493 14.46 14.422 14.398 14.435 14.488 14.52 14.587 14.632 14.485 14.462 14.425 14.39 14.355 14.315 14.285 14.243 14.217 14.19 14.15 14.123 14.095
12.63 12.625 12.663 12.682 12.705 12.725 12.733 12.74 12.733 12.73 12.74 12.78 12.825 12.915 13.142 12.9 12.82 12.583 12.212 11.828 11.995 12.913 12.69 13.23 13.05 13.182 13.42 13.67 13.95 14.248 14.555 14.818 15.065 15.222 15.195 15.175 15.17 15.108 15.068 15.02 14.977 14.948 14.907 14.868 14.835 14.8 14.767 14.725 14.695 14.66 14.62 14.585 14.565 14.525 14.507 14.467 14.408 14.382 14.37 14.392 14.405 14.618 14.55 14.555 14.448 14.417 14.382 14.335 14.312 14.278 14.25 14.215 14.182
