test/data/tl2071_DSM_2M.asc
ncols 500
nrows 500
xllcorner    520000
yllcorner    271000
cellsize     2
NODATA_value -9999
[rows 416 to 447 of 500, columns 219 to 291 of 500]
15.632 17.085 17.38 16.505 14.812 13.312 13.275 13.057 13.115 13.052 13.023 13.007 12.99 12.97 12.915 12.888 13.36 14.782 14.23 12.962 13.015 12.71 12.667 12.69 14.017 13.163 13.003 13.503 13.677 13.96 14.57 14.35 14.412 14.13 13.763 13.578 13.548 13.525 13.497 16.908 19.84 20.807 20.18 18.26 14.102 14.03 13.513 13.55 13.845 13.59 13.608 13.65 13.705 13.73 13.702 14.05 13.938 17.847 19.862 19.682 16.655 14.032 13.965 14.53 13.875 14.907 16.115 16.188 16.257 15.765 14.27 14.86 14.605
13.083 15.532 17.122 17.38 16.475 15.39 14.743 13.288 13.05 13.015 13.015 12.997 12.983 12.952 12.938 14.137 14.72 14.09 13.212 12.953 12.917 12.86 12.69 13.573 13.995 13.05 13.555 13.215 13.017 13.09 13.182 14.31 14.512 14.068 13.943 13.61 13.538 13.762 14.267 13.812 16.37 17.955 19.635 17.218 14.267 13.458 13.493 13.548 13.573 13.575 13.587 13.62 13.667 13.705 14.155 13.807 13.825 19.055 20.233 20.645 19.632 17.108 14.34 13.833 14.217 14.727 15.545 16.09 16.288 15.91 14.667 15.105 14.235
12.898 13.137 16.167 17.112 17.358 16.45 14.892 12.997 13.01 12.998 12.972 12.98 12.95 13.278 14.475 14.278 13 13.602 14.557 13.705 12.925 12.955 12.962 15.17 14.583 13.067 13.095 13.31 13.573 13.038 13.125 13.215 13.34 13.792 14.32 14.837 14.302 14.165 14.868 14.387 15.863 15.47 14.748 14.345 13.422 13.432 13.502 13.573 13.575 13.6 13.597 13.637 13.685 13.698 14.305 14.36 14.583 19.513 20.573 20.37 19.105 16.728 16.157 13.738 14.877 13.948 13.903 15.255 16.27 16.267 14.778 13.958 14.097
12.993 12.898 13.54 16.185 17.145 17.335 16.413 14.498 12.993 13.748 13.048 12.955 13.733 14.605 13.57 12.915 12.922 12.903 12.938 13.892 14.37 13.128 13.083 15.333 14.37 13.205 13.13 13.113 13.198 13.485 13.315 13.225 13.34 13.417 13.745 14.34 13.958 15.375 15.323 15.167 14.09 14.845 15.213 14.278 14.055 13.438 13.515 13.578 13.602 13.62 13.628 13.675 13.72 13.788 14.128 13.86 16.868 19.89 20.745 19.97 17.265 15.263 14.545 13.89 14.087 13.91 13.943 14.068 14.905 15.41 13.965 13.915 13.945
12.865 12.835 13.007 13.708 16.212 17.507 17.302 15.368 13.66 13.733 13.408 14.632 14.01 12.85 12.875 12.905 12.91 12.91 12.9 12.837 12.91 12.85 12.903 13.63 14.27 13.73 13.51 14.05 13.915 13.403 13.385 13.378 13.372 13.387 13.415 13.65 13.785 15.835 15.815 15.092 13.965 13.94 13.775 14.073 13.718 13.462 13.505 13.568 13.637 13.68 13.708 13.685 13.705 14.285 13.938 13.738 17.948 20.247 20.628 19.59 15.823 14.705 15.655 15.177 14.74 14.125 13.9 13.885 13.882 13.9 14.108 14.148 13.988
12.868 12.845 12.965 12.932 13.722 16.165 14.737 13.323 13.34 13.255 14.77 13.24 12.855 12.835 12.865 12.913 12.923 12.913 12.94 12.835 12.845 12.825 12.98 13.575 14.193 14.453 13.852 13.605 13.6 13.392 13.387 13.4 13.398 13.398 13.39 13.363 15.265 16.408 16.042 17.32 16.198 14.253 13.767 13.605 13.552 13.875 13.767 13.562 13.615 13.655 13.727 13.695 13.688 14.347 13.737 15.655 19.528 20.605 20.315 19.222 13.892 13.91 14.003 15.778 16.077 16.22 14.778 14.075 14.047 13.905 13.943 14 13.99
12.88 12.845 13.097 12.91 12.957 13.562 13.05 13.45 14.34 14.167 13.025 12.845 12.818 12.84 12.89 12.915 12.925 12.907 12.913 12.932 12.89 12.84 13.05 13.58 13.878 13.25 13.233 13.622 14.023 13.935 14.475 13.905 13.465 13.405 13.387 13.505 15.542 16.965 17.595 19.915 20.84 19 13.49 13.427 13.438 13.445 13.58 13.57 13.59 13.613 13.645 13.67 13.667 13.837 13.738 15.65 18.417 20.702 19.948 17.807 13.892 13.852 13.8 13.77 13.89 14.943 15.97 16.702 15.97 14.47 13.983 13.983 14.01
12.868 12.837 12.852 12.89 12.938 12.983 13.37 13.688 13.6 13.347 13.98 12.818 12.788 12.855 12.903 12.91 12.915 12.89 12.895 13.145 12.927 12.855 13.163 13.29 13.115 13.387 13.158 13.507 13.385 13.305 13.68 14.948 14.285 14.302 13.618 13.48 13.525 13.49 17.11 20.472 20.497 16.835 13.702 14.51 14.26 14.743 13.538 13.548 13.568 13.59 13.733 14.77 14.82 14.37 14.365 15.802 16.028 16.667 17.292 14.403 13.795 13.785 13.78 13.778 13.785 13.807 13.81 14.255 15.62 16.042 16.693 15.955 15.177
13.852 12.865 12.885 12.917 13.342 13.37 13.702 12.9 13.165 12.97 13.175 12.818 12.785 12.835 12.863 12.882 12.892 12.87 12.943 13.172 13.113 13.315 13.04 13.13 13.045 13.347 13.312 13.288 13.523 14.378 16.298 17.148 14.578 13.95 14.262 14.167 14.3 14.453 18.935 20.942 19.905 16.19 13.667 13.855 14.342 13.658 13.542 13.552 13.548 13.56 13.657 13.962 14.318 14.543 14.507 15.048 14.958 16.028 14.408 13.812 13.82 13.782 13.79 13.795 13.78 13.788 13.81 13.83 13.835 13.855 14.44 15.57 15.682
13.57 12.885 12.905 12.89 12.925 13 12.97 13.632 15.305 14.283 12.99 12.858 12.805 12.837 12.858 12.863 12.952 12.9 12.827 12.89 12.887 13.115 12.9 12.975 13.02 13.2 13.333 13.302 13.253 13.387 13.483 13.557 13.59 13.485 13.455 13.485 14.118 16.308 20.03 21.035 18.927 14.55 13.498 13.715 13.53 13.525 13.555 13.577 13.555 13.538 13.653 14.025 14.587 14.568 14.21 17.307 16.358 15.088 14.333 13.852 13.97 13.785 13.805 13.818 13.807 13.8 13.8 13.808 13.828 13.86 13.872 14.118 14.512
12.93 12.892 12.92 12.93 12.932 13.64 18.475 18.275 17.298 15.068 13.04 12.9 12.835 12.847 12.858 12.87 13.062 17.2 16.847 12.94 12.96 13.513 12.94 12.965 13.568 13.048 13.12 13.177 13.278 13.72 13.542 13.57 13.535 13.535 13.608 13.873 14.257 17.228 20.585 20.51 16.64 14.292 14.078 14.488 13.49 13.515 13.555 13.58 13.552 13.53 13.64 13.84 13.8 13.823 17.503 19.618 17.888 17.73 17.312 16.375 14.468 13.852 13.885 13.92 13.908 13.805 13.815 13.818 13.82 13.837 13.862 13.875 13.94
13.123 13.282 12.955 12.92 13.22 15.513 18.892 20.052 19.257 16.023 12.99 12.868 12.823 12.837 12.85 12.922 12.863 17.125 12.912 13.217 13.05 13.267 13.105 13.408 13.132 13.085 13.325 13.372 13.408 13.28 13.398 13.398 13.505 14.547 15.575 16.757 15.7 19.315 20.907 19.85 14.96 13.55 13.72 14.31 13.48 13.52 13.552 13.552 13.538 13.528 13.712 14.198 14.203 15.227 20.257 21.368 20.095 19.188 18.763 17.85 13.995 13.868 13.84 13.93 14.083 14.602 15.887 14.102 13.837 13.852 13.873 13.898 13.952
12.93 13.01 13.455 13.462 13.415 17.032 19.33 19.968 18.827 14.41 12.87 12.88 12.767 12.917 12.955 13.398 12.898 19.345 14.892 13.858 13.08 12.972 14.267 13.818 13.18 13.592 13.41 13.382 13.69 13.392 13.305 13.47 13.35 13.673 14.663 15.92 17.78 19.993 20.865 18.642 13.602 13.493 13.523 13.898 13.533 13.51 13.52 13.51 13.5 13.56 13.818 14.392 14.648 16.507 20.785 21.045 20.78 20.713 20.272 18.865 13.895 13.855 13.833 13.82 13.88 13.805 14.035 14.8 14.642 14.262 14.1 14.188 14.042
12.942 12.94 12.958 12.972 13.052 18.372 19.802 19.7 18.4 13.685 13.36 13.49 12.77 12.835 12.923 12.767 12.86 12.773 13.498 13.788 12.847 12.778 13.368 13.325 13.307 13.355 13.097 13.57 14.727 14.08 13.35 13.41 14.725 15.238 14.545 13.453 16.112 20.575 20.385 16.565 13.39 13.422 13.528 13.552 13.5 13.472 13.487 13.502 13.577 14.08 13.975 14.13 14.052 19.035 21.342 20.475 19.017 20.005 20.517 16.193 15.068 13.855 13.852 13.84 13.82 13.807 13.798 14.75 15.03 14.132 14.343 14.208 14.32
13.002 13.538 13.273 12.983 15.14 18.925 20.07 19.263 16.015 13.395 12.823 12.785 12.755 12.743 12.74 12.705 12.708 12.743 13.328 13.757 12.89 12.873 12.958 12.773 12.77 12.927 13.062 13.323 13.375 14.023 13.622 13.765 14.448 15.333 15.205 13.577 13.415 13.525 15.98 13.56 13.41 13.452 13.695 13.495 13.533 13.48 13.475 13.548 13.903 14.227 13.795 13.815 14.738 20.255 21.358 19.872 16.748 16.718 17.827 14.328 14.898 13.833 13.833 13.86 13.868 13.86 13.84 14.07 14.2 14.315 13.882 13.993 14.273
12.97 12.97 13.385 12.99 16.923 19.397 20.013 18.75 14.5 13.038 12.818 12.795 12.778 12.733 12.727 12.712 12.7 12.717 12.753 12.887 13.135 12.96 14.39 13.415 12.86 12.788 12.94 13.267 13.295 13.805 13.418 13.562 15.182 15.158 14.365 13.667 13.717 13.64 13.608 13.547 13.7 13.452 13.495 13.46 13.52 13.51 13.495 13.61 13.79 13.727 14.073 13.805 17.302 20.845 21.04 17.892 15.335 16.128 15.7 13.903 13.852 13.843 13.852 13.878 13.89 13.868 13.865 13.835 13.855 13.842 14.93 15.398 14.6
16.718 15.408 14.55 12.99 17.782 19.645 19.597 17.827 13.415 13.127 12.863 12.815 12.767 12.737 12.75 12.71 12.693 13.333 13.903 14.165 13.925 13.14 12.797 12.722 12.913 12.805 12.925 13.113 13.227 13.267 13.975 14.238 14.358 13.775 13.833 14.19 14.19 13.765 13.59 13.493 14.128 14.12 13.45 13.477 13.525 13.528 13.552 13.648 13.685 13.93 14.818 13.863 19.678 21.205 20.452 15.855 14.288 14.243 13.972 13.885 14.14 13.823 13.868 13.898 13.903 13.898 13.907 14.597 13.9 13.89 14.69 14.878 14.387
13.585 15.755 17.32 15.295 14.582 17.275 18.82 14.888 13.065 12.96 12.92 12.805 12.755 12.74 12.73 12.767 12.655 13.858 15.005 13.61 13.22 13.79 13.905 13.265 12.71 13.075 13.352 13.235 13.335 13.703 13.528 14.802 16.555 15.592 16.935 17.095 15.02 13.618 13.415 13.483 13.55 13.54 13.467 13.52 13.54 13.53 13.55 13.655 13.715 14.24 14.125 15.218 20.177 21.372 19.825 14.792 14.003 14.097 13.9 13.878 13.923 13.88 14.15 13.895 13.9 13.9 13.92 14.227 13.955 13.96 13.91 14.025 14.128
12.99 13.025 13.09 14.67 15.387 14.495 13.62 13.003 13.995 13.835 12.88 14.65 13.78 12.73 12.955 13.195 12.65 14.257 14.892 13.055 12.77 12.905 12.88 13.337 13.86 13.573 13.37 13.33 13.552 13.53 13.632 14.267 16.21 17.21 19.552 20.827 19.538 13.9 13.405 13.452 13.52 13.54 13.483 13.565 13.562 13.59 14.642 13.675 13.725 13.77 13.825 15.807 20.573 20.99 19.108 17.51 16.915 14.27 13.885 13.812 13.825 13.815 13.788 13.845 14.3 14.173 14.105 14.122 14.547 14.015 13.945 14.337 14.677
13.135 13.797 13.257 14.785 15.432 15.413 14.465 13.045 13.695 13.288 13.485 14.145 13.895 14.04 17.917 16.542 14.087 17.38 18.69 12.862 12.833 12.9 12.877 12.98 12.967 13.055 13.217 14.233 14.297 14.148 14.097 13.427 13.438 16.145 20.167 20.67 17.46 13.355 13.635 13.642 13.6 13.538 13.51 13.56 13.573 13.57 14.22 14.22 14.285 13.79 13.83 13.87 15.655 17.202 15.61 15.365 16.542 13.98 13.885 13.818 13.82 13.823 13.795 13.773 13.775 13.81 14.068 13.927 14.167 13.955 13.915 14.028 14.023
13.023 13.352 13.295 15.677 15.645 15.585 13.213 13.003 12.837 12.807 12.77 12.7 13.073 14.427 17.64 17.278 14.48 17.545 16.045 12.965 12.943 13.03 12.922 12.985 13.052 13.102 13.2 13.453 13.46 13.778 13.828 13.92 13.5 18.423 20.677 20.112 16.055 13.368 13.61 13.782 13.955 13.52 13.733 13.595 13.58 13.59 13.682 14.17 14.238 14.423 14.398 13.85 13.87 14.24 14.065 13.888 13.895 13.997 13.872 13.833 13.833 13.835 13.81 13.802 13.805 13.783 13.778 13.778 13.815 13.93 14.22 14.083 14.003
13.025 14.83 17.73 17.885 16.862 15.695 13.097 13.042 12.993 12.783 12.75 12.698 13.102 13.645 12.735 12.695 14.677 17.195 17.075 13.21 12.863 12.892 12.922 13.003 13.085 13.175 13.255 13.35 13.365 13.395 13.403 13.802 14.465 19.592 20.805 19.503 13.917 13.328 13.488 14.023 13.762 13.533 14.615 13.955 13.595 13.715 14.767 13.87 13.932 14.608 14.642 14.932 15.142 14.75 15.262 14.077 13.882 13.868 13.835 13.82 13.833 13.83 13.82 13.812 13.815 13.82 13.802 13.788 13.788 13.79 13.98 14.24 14.045
12.995 14.783 18.51 19.9 19.612 18.365 14.25 13.285 13.03 12.915 12.727 12.7 14.13 13.185 12.715 12.755 13.705 15.615 14.63 13.665 12.863 12.877 12.96 13.048 13.13 13.215 13.288 13.355 13.388 14.753 14.69 13.795 16.417 20.182 20.61 17.79 13.465 14.118 14.27 13.842 13.595 13.587 14.475 13.632 13.65 13.735 14.455 13.797 13.755 13.975 13.945 15.73 15.465 15.22 13.837 14.337 13.908 13.925 13.837 13.833 13.825 13.81 13.812 13.818 13.823 13.835 13.812 13.807 13.785 13.775 14.06 14.1 14.052
12.993 16.105 19.032 20.048 19.16 16.94 15.493 13.193 13.03 12.818 12.725 12.718 13.408 13.275 12.693 12.895 14.51 14.71 13.29 13.653 13.312 12.858 12.977 13.085 13.177 13.262 13.325 13.515 13.382 16.962 19.077 18.025 18.868 20.705 20.083 15.953 13.573 13.698 13.967 14.422 13.54 13.63 13.642 13.632 13.693 13.73 14.233 13.773 13.773 13.79 16.41 20.638 19.915 16.55 14.11 15.59 14.052 13.9 13.97 13.977 13.835 13.795 13.792 13.808 13.815 13.82 13.807 13.802 13.77 13.852 14.153 14.108 14.252
13.015 17.552 19.5 19.993 18.74 16.11 14.957 13.07 13.093 12.753 12.73 12.72 12.762 13.227 14.333 14.198 14.557 13.663 12.88 12.835 12.888 13.32 13.5 13.495 13.345 13.337 13.475 13.528 13.372 18.278 19.165 19.552 19.872 20.87 19.497 13.885 13.57 13.778 13.752 14.595 13.555 13.635 13.632 13.612 13.753 14.27 13.898 13.788 13.783 14.92 18.5 21.215 20.653 18.025 16.54 16.157 14.08 13.812 13.823 13.94 13.927 13.93 13.882 13.89 13.815 13.805 13.81 13.797 13.898 14.89 14.542 14.818 15.833
14.507 18.615 19.91 19.585 18.307 14.392 13.4 13.462 12.972 13.573 12.84 13.012 13.368 14.78 14.195 15.015 14.2 13.015 12.942 12.882 12.818 12.8 13.055 13.062 13.66 13.993 13.91 14.515 14.18 16.812 17.235 15.99 19.695 20.6 17.587 13.305 13.403 13.465 13.52 13.85 13.593 13.608 13.605 13.627 13.73 14.79 13.943 13.835 13.818 14.623 20.062 21.375 20.105 17.747 17.56 16.15 13.815 13.802 13.825 14.225 13.93 13.943 13.932 14.088 13.925 13.842 13.798 13.79 13.763 16.023 16.355 15.815 16.13
17.13 19.048 20.038 19.11 17.17 15.625 12.99 12.93 12.96 13.035 12.898 12.835 12.82 13.015 14.23 13.462 13.073 13.045 13.01 12.958 12.845 12.85 12.917 13.02 13.278 13.443 13.925 13.92 13.757 13.667 14.658 13.675 13.965 14.392 14.608 13.35 13.55 13.823 14.262 13.727 13.703 14.53 13.585 13.682 13.833 14.3 14.562 15.847 14.503 16.39 20.695 21.21 18.55 15.645 15.67 15.02 13.835 13.847 13.855 13.865 13.88 13.885 14.188 14.055 14.445 15.15 14.11 14.62 14.648 16.45 15.955 16.185 15.523
17.64 19.415 19.675 18.673 16.15 14.767 13.09 12.885 12.88 12.88 12.895 12.865 12.83 12.948 13.418 13.385 13.068 13.07 13.043 12.99 12.888 12.878 12.96 13.118 13.283 13.427 13.443 13.425 13.347 13.682 13.467 13.36 13.835 13.71 14.413 13.908 13.467 13.613 13.917 13.562 14.252 14.222 13.573 13.658 15.863 14.138 13.875 14.645 14.43 18.4 21.27 20.69 17.86 16.058 16.895 14.727 13.898 14.035 13.868 13.88 13.9 13.898 13.863 13.935 13.99 13.865 13.958 13.948 15.23 16.295 14.618 14.325 14.097
18.458 19.315 18.392 16.173 15.837 14.012 13.477 12.925 12.92 12.882 12.9 13.023 12.96 12.995 13.113 13.108 13.14 13.13 13.077 13.025 12.955 12.943 13.05 13.21 13.323 13.417 14.295 15.573 13.295 13.275 13.315 13.278 13.347 13.915 14.023 13.93 13.525 13.485 13.503 13.533 13.56 13.57 13.602 14.035 18.307 14.525 13.798 13.825 17.032 19.95 21.425 20.103 14.337 14.105 14.905 14.173 14.665 14.205 13.855 13.863 14.017 13.87 13.88 13.872 13.835 13.91 14.538 14.045 15.8 16.263 14.135 14.123 14.108
16.29 18.445 17.66 16.413 16.128 13.632 13.135 12.94 12.92 12.948 12.98 13.062 16.943 14.557 13.078 13.288 14.285 14.097 13.177 13.06 13.023 13.047 13.167 13.302 13.41 13.467 13.4 13.675 15.115 14.787 14.118 15.155 13.783 13.337 13.415 13.475 13.648 13.793 13.475 13.497 13.545 13.538 13.63 14.06 14.427 13.913 14.315 14.783 17.11 20.657 21.15 18.462 14.99 13.875 13.863 13.938 15.08 15.337 14.12 13.837 13.835 13.938 13.805 13.815 14.03 14.38 16.343 14.565 16.737 15.46 14.16 14.602 15.21
13.085 12.967 13.702 14.837 15.525 13.302 13.257 13.235 13.075 13.052 13.05 14.055 20.942 21.948 13.182 13.192 13.12 14.333 13.46 13.665 13.295 13.255 13.238 13.345 13.443 13.488 14.182 13.645 16.835 17.003 17.56 20.07 20.585 15.762 13.61 13.74 13.845 13.54 14.162 13.497 13.538 13.51 13.63 14.8 14.375 14.035 14.345 16.55 18.735 21.25 20.7 18.155 16.333 15.267 14.315 13.855 14.003 13.97 14.6 13.85 13.818 13.818 13.802 13.875 13.823 13.903 14.97 14.517 16.603 15.373 14.142 15.823 16.368
15.035 13.188 12.983 13.208 13.068 13.695 14.562 13.233 13.225 13.07 13.917 16.087 19.767 20.8 14.635 13.17 13.145 13.132 13.122 13.113 13.128 13.507 13.52 13.545 13.427 13.455 13.345 13.262 13.417 14.66 18.355 20.55 20.193 15.323 13.403 13.545 13.762 14.042 13.557 13.495 13.507 13.5 13.83 17.525 15.112 14.89 14.677 14.33 15.997 18.052 19.773 16.44 17.36 16.513 13.948 13.852 13.905 14.325 13.988 14.007 13.85 13.863 14.44 13.838 13.778 14.878 13.828 14.443 14.16 14.257 14.11 14.062 14.09
