test/data/tl2071_DSM_2M.asc
ncols 500
nrows 500
xllcorner    520000
yllcorner    271000
cellsize     2
NODATA_value -9999
[rows 288 to 319 of 500, columns 146 to 218 of 500]
13.09 14.98 16.517 16.3 14.987 13.062 15.97 18.645 19.347 19.212 18.568 14.875 12.745 12.625 12.605 12.658 12.682 12.667 12.735 13.265 13.917 12.885 14.27 19.517 19.555 19.373 19.062 17.362 12.92 14.655 14.297 13.953 12.938 12.93 12.89 12.875 12.87 13.033 15.828 18.843 19.807 19.897 18.917 17.13 14.462 13.878 13.097 13.467 13.002 13.573 16.905 18.743 19.493 19.13 16.353 13.525 14.648 12.985 13.028 13.392 13.945 15.35 13.38 13.015 13.042 13.092 14.47 13.257 13.315 13.372 13.427 13.49 13.575
18.507 18.695 16.835 14.977 13.37 12.835 14.265 18.958 19.125 18.347 15.585 12.842 12.835 12.738 12.658 12.658 12.69 12.717 12.707 12.76 13.235 13.733 13.015 18.47 18.61 16.757 16.278 14.368 15.017 16.43 15.837 14.068 12.925 12.9 12.885 12.895 12.89 13.188 14.085 16.167 19.18 19.255 16.855 14.123 13.06 13.177 13.23 13.913 13.163 13.118 12.905 14.637 18.823 19.542 18.41 12.972 13.712 12.97 13.057 13.18 15.413 14.965 13.023 13.015 13.033 13.14 13.247 13.182 13.245 13.28 13.295 13.337 13.425
19.36 19.21 17.86 12.94 13.877 12.965 13.54 14.775 18.235 15.358 13.932 12.87 12.908 15.61 15.085 12.903 13.438 13.118 12.755 12.747 12.765 12.855 13.882 15.102 15.068 12.932 13.445 12.917 14.903 16.282 15.997 14.62 14.145 12.938 13.035 12.917 13.352 13.705 12.945 14.715 14.755 17.042 15.227 13.24 13.302 12.993 13.01 13.345 13.16 13.77 12.887 13.002 17.007 17.09 13.368 15.142 17.792 17.205 13.977 14.493 16.5 15.557 14.37 13.003 13.2 13.123 13.083 13.11 13.167 13.163 13.248 13.358 13.47
18.888 19.507 18.73 16.267 13.238 13.455 12.9 13.3 12.875 12.845 12.86 13.32 15.64 17.275 17.6 15.635 12.795 13.45 12.773 12.78 12.785 12.788 12.895 13.148 12.958 13.477 13.552 13.423 13.23 14.195 13.898 18.237 18.413 15.4 13.165 13.015 13.837 13.887 12.962 13.005 14.312 15.925 16.097 13.365 13.415 13.828 13.042 13.05 13.188 13.55 13.355 13.685 13.373 12.958 13.075 18.603 19.46 19.347 18.225 16.228 17.717 17.18 15.538 13.935 13.045 13.037 12.985 13.057 13.057 13.115 14.087 15.05 15.333
17.375 19.345 19.247 17.935 13.57 13.365 13.025 12.93 12.917 12.895 12.887 14.91 17.272 17.278 15.525 13.202 12.887 12.903 12.757 12.76 12.805 12.818 12.828 12.828 12.892 13.085 13.12 14.038 13.68 13.378 15.735 19.452 19.515 18.955 17.735 13.68 15.077 13.305 12.975 13.622 15.135 17.163 16.632 14.507 13.212 13.503 13.033 13.015 13.118 12.907 13.448 13.483 16.26 15.172 17.243 19.573 19.63 18.737 15.7 16.427 18.708 19.562 18.513 13.6 13.025 12.92 12.957 12.99 12.99 13.55 15.46 14.305 13.66
13.99 17.757 16.495 14.42 13.578 12.938 12.972 12.977 12.958 13.097 13.2 13.885 13.648 13.062 12.887 12.903 12.92 13.355 12.993 12.823 12.798 12.828 12.858 12.858 12.852 12.875 12.983 13.075 13.455 13.005 15.288 18.51 19.138 19.575 16.497 15.15 14.42 13.005 12.98 12.903 16.153 18.685 19.36 16.33 14.198 13.52 13.025 13.007 13.043 12.938 12.885 14.333 16.58 17.058 19.445 19.94 19.842 15.722 13.377 18.218 19.315 19.365 17.858 13.288 12.935 12.875 12.92 12.895 12.96 13.908 14.347 13.807 13.293
12.935 13.11 13.113 13.3 12.94 12.962 12.972 12.975 13.613 13.122 12.917 12.882 12.948 12.957 12.85 12.86 12.865 12.983 13.392 13.325 12.932 12.845 12.842 12.89 12.915 12.895 12.895 12.923 13.007 13.045 13.058 15.903 17.155 18.79 15.443 15.79 13.775 12.993 12.97 14.61 18.315 19.233 19.25 17.818 14.145 13.443 12.998 12.998 13.153 12.94 12.915 13.245 14.573 16.625 18.263 19.055 18.835 13.655 16.41 18.975 19.58 18.755 14.015 12.903 12.827 12.855 12.875 12.847 12.998 13.153 13.408 13.405 13.163
13.085 12.932 12.922 12.967 12.962 13.715 13.625 14.205 13.583 12.915 12.892 12.932 13.205 12.892 12.87 12.845 12.845 12.89 12.975 13.382 13.673 13.145 12.868 12.842 12.88 12.91 12.927 12.923 12.943 12.993 13.028 13.255 13.255 14.025 14.292 14.253 12.962 12.92 12.905 15.575 18.968 19.493 18.595 16.33 13.5 13.265 13.59 12.958 13.015 12.913 12.915 12.88 13.14 13.74 15.155 16.425 14.51 14.128 14.29 18.64 19.087 17.625 12.88 12.805 12.797 12.83 12.812 12.895 13.52 13.735 15.9 14.295 13.108
12.925 12.938 13.295 14.323 13.948 13.718 13.455 13 12.983 12.958 12.938 12.93 12.93 12.91 12.903 12.925 12.93 13.04 12.927 13.007 13.318 13.733 13.068 12.82 12.84 12.865 12.91 12.943 12.955 13.102 13.705 13.42 12.975 13.078 13.425 13.2 13.01 13.462 13.083 13.025 15.59 18.895 17.283 13.677 12.997 13.005 13.267 12.91 12.835 12.86 12.878 13.105 13.892 13.14 13.113 12.9 12.98 12.995 12.908 13.153 16.167 14.892 12.807 12.745 12.797 12.79 12.823 13.095 15.418 17.79 18.955 17.048 13.265
12.948 13.155 13.405 13.18 12.97 12.995 12.983 13.005 12.993 12.96 12.938 12.938 12.93 12.925 12.94 12.955 12.93 12.917 12.927 12.943 12.985 13.57 13.3 12.807 12.81 12.852 12.872 12.9 12.932 12.962 12.962 13.128 12.942 12.905 12.9 12.92 12.927 12.938 12.95 13.145 13.58 13.983 14.028 13.918 13.293 13.05 13.417 12.845 12.765 12.773 12.805 12.943 13.035 14.015 12.922 12.9 12.91 12.915 13.577 13.873 12.967 12.833 12.76 12.747 12.773 12.755 12.842 14.217 18.298 19.095 19.638 19.347 15.095
13.56 13.24 12.945 12.935 12.948 12.96 13 12.995 12.977 12.958 12.948 12.957 12.955 12.955 12.967 12.96 12.96 12.962 12.927 12.955 12.948 13.078 13.077 12.832 12.818 12.845 12.858 12.863 12.887 12.908 12.927 12.935 12.948 12.935 12.923 12.895 12.863 12.83 12.807 12.802 13.23 13.49 13.025 13.05 13.59 13.148 12.693 12.642 12.623 12.635 12.642 12.662 12.708 12.887 12.82 12.865 12.89 12.903 13.038 13 12.868 12.745 12.727 12.753 12.725 12.778 13.84 14.4 19.35 19.63 19.077 17.615 13.81
13.44 12.993 12.965 12.962 12.962 12.972 13.028 13.005 12.977 12.972 12.975 13.003 13.007 12.985 12.972 12.962 12.952 12.92 12.955 12.965 12.96 13.11 12.995 12.827 12.825 12.833 12.828 12.828 12.878 12.935 12.965 12.952 12.925 12.9 12.895 12.89 12.875 12.863 12.847 12.827 12.833 13.302 13.073 13.265 13.98 13.28 12.665 12.658 12.653 12.663 12.66 12.675 12.688 12.72 12.733 12.76 12.79 12.845 12.845 12.773 12.715 12.712 12.745 12.735 12.705 12.882 13.538 13.01 15.435 18.81 17.903 15.267 15.27
12.98 12.98 12.987 13.003 13.007 13.007 13.005 13.005 12.987 12.977 13.007 13.03 13.03 12.997 12.967 12.94 12.93 12.925 12.943 12.95 12.967 13.118 12.93 12.807 12.818 12.805 12.823 13.095 13.012 13.315 13.163 13.305 13.167 12.977 12.917 12.882 12.837 12.828 12.815 12.8 12.79 12.77 12.75 12.737 12.722 12.695 12.688 12.675 12.673 12.658 12.673 12.68 12.702 12.743 12.765 12.788 12.785 12.79 12.775 12.743 12.74 12.753 12.753 12.71 12.75 13.427 13.167 13.335 13.385 14.595 15.297 16.6 18.182
12.968 12.975 13.01 13.033 13.035 13.05 13.04 13.035 13.007 12.997 13.02 13.05 13.028 12.997 12.96 12.945 12.92 12.91 12.89 12.877 12.95 13.012 12.837 12.753 13.115 12.815 13.03 13.745 14.6 15 14.328 13.763 13.413 13.283 13.305 13.398 12.96 12.913 12.862 12.825 12.805 12.753 12.722 12.695 12.682 12.685 12.675 12.67 12.665 12.663 12.663 12.65 12.663 12.695 12.73 12.765 12.807 12.828 12.818 12.8 12.792 12.79 12.773 12.712 12.82 13.062 13.287 13.375 13.042 12.985 13.247 15.82 18.595
12.972 12.997 13.052 13.052 13.038 13.05 13.06 13.06 13.033 13.007 13.015 13.03 13.01 12.975 12.95 12.917 12.9 12.887 12.87 12.845 12.865 12.892 12.765 12.76 13.763 12.977 13.003 16.423 18.685 18.032 17.372 15.818 13.61 13.087 13.11 13.16 13.175 13.173 12.972 13.015 13.167 12.97 12.815 12.798 12.882 13 12.835 12.953 12.983 12.895 12.97 12.75 12.76 12.802 12.795 12.798 12.775 12.802 12.845 12.842 12.845 12.84 12.815 12.77 12.86 13.11 14.05 13.068 13.005 13.042 13.352 13.8 16.465
12.977 13.003 13.033 13.052 13.045 13.042 13.048 13.057 13.052 13.023 13.013 12.993 12.972 12.958 12.943 12.927 12.903 12.9 12.892 12.86 12.85 12.81 12.725 12.762 13.215 12.965 13.465 18.962 19.6 19.407 19.083 16.958 13.43 13.087 13.112 13.118 13.21 14.335 14.27 13.073 13.033 13.278 13.69 14.16 14.852 15.872 13.54 13.363 13.21 13.235 13 13.53 12.977 13.038 12.995 12.95 12.898 12.812 12.818 12.85 12.88 12.898 12.878 12.858 12.86 12.977 13.182 13.03 13.115 13.833 13.115 13.06 12.997
13.007 13.005 13.023 13.042 13.04 13.03 13.035 13.065 13.065 13.03 13.01 13.002 12.97 12.948 12.927 12.91 12.915 12.927 12.945 12.915 12.89 12.767 12.722 12.745 12.747 12.945 13.42 17.712 18.878 19.215 19.557 16.542 13.06 13.087 13.113 13.212 13.59 17.15 19.42 17.45 14.677 13.837 13.38 13.452 17.202 19.118 18.932 15.985 13.227 13.12 13.175 13.545 12.958 12.962 12.957 12.953 13.033 12.925 12.91 12.9 12.88 12.913 12.927 12.9 12.88 12.977 13.085 13.308 13.44 13.188 13.208 13.955 13.007
13.042 13.005 13.03 13.058 13.055 13.017 13.025 13.045 13.042 13.015 13.023 13.015 12.98 12.972 12.948 12.935 12.927 13.017 13.005 12.948 12.865 12.725 12.74 12.717 12.778 13.865 13.798 13.185 13.988 16.555 17.555 14.802 13.06 13.085 13.083 13.38 13.858 18.718 19.688 19.015 15.365 15.858 14.618 14.205 18.015 19.48 19.198 16.375 14.67 14.575 14.985 13.667 14.327 13.55 15.032 13.18 13.06 13.663 13.67 13.128 12.98 12.925 12.92 12.942 12.938 12.945 13.285 13.645 13.113 13.15 13.34 13.682 13.84
13.102 13.015 13.043 13.052 13.042 13.032 13.03 13.028 13.013 13.007 13.01 13 12.985 12.995 12.99 12.967 12.96 12.962 12.96 12.935 12.842 12.722 12.753 12.757 12.878 13.225 14.878 13.488 13.085 12.962 14.003 14.227 13.132 13.058 13.065 13.227 15.915 19.09 19.612 18.275 15.795 16.795 16.705 16.608 18.76 19.625 18.825 14.78 19.02 18.665 18.065 14.5 17.945 18.733 18.055 17.337 14.68 13.205 13.88 13.282 13.688 13.04 12.913 12.938 13 12.97 13.035 13.818 13.715 13.097 14.842 16.125 16.087
13.113 13.028 13.05 13.065 13.04 13.025 13.02 13.01 12.997 12.995 13.003 12.997 12.995 13 13.005 12.995 12.987 12.977 12.94 12.917 12.837 12.73 13.02 12.778 13.45 13.773 17.21 19.233 18.215 15.557 15.1 16.685 15.735 13.148 13.07 13.14 16.552 19.455 19.368 17.33 15.25 15.965 16.33 17.56 19.1 19.55 18.38 16.118 20.007 19.772 19.427 15.693 19.515 19.568 19.455 19.128 16.885 13.703 13.56 13.007 13.125 13.125 13.015 12.935 13 13.172 14.64 13.528 14.307 14.247 15.625 16.475 16.413
13.16 13.045 13.04 13.048 13.02 13.005 13.01 13.003 13 13 12.995 12.995 12.99 12.995 13.003 12.993 12.99 12.975 12.943 12.92 12.828 12.767 13.458 12.988 12.915 13.53 17.958 19.53 19.038 15.312 12.962 13.137 14.195 13.108 13.148 13.13 13.602 17.055 18.85 14.615 15.005 13.885 14.698 14.722 16.6 18.278 17.07 18.12 19.378 19.733 18.19 13.4 17.605 18.705 19.122 18.858 16.68 14.863 13.628 13.087 13.11 13.1 13.125 13.002 12.98 13.035 13.525 14.235 13.128 14.358 15.315 15.472 14.533
13.003 13.01 13.03 13.025 12.995 12.995 13.033 13.02 13.013 13.01 13.02 13.02 13.017 13.017 13.003 13.007 13.01 13 12.975 12.932 12.815 12.79 13.203 12.852 12.95 15.462 18.833 19.505 18.69 14.405 13.02 13.04 13.108 13.248 13.48 13.155 13.06 14.948 15.118 13.262 14.138 14.233 14.467 13.042 13.118 13.16 13.903 17.138 18.057 18.645 16.505 13.413 13.347 13.507 15.512 16.54 15.775 13.38 14.852 13.038 13.048 13.085 13.118 13.118 13.015 13.02 13.062 13.073 13.125 13.182 13.467 13.608 13.985
12.967 12.977 13.013 13.023 13.012 13.068 13.077 13.102 13.032 13.028 13.038 13.045 13.042 13.03 13.01 13.013 12.997 13.048 13.015 12.905 12.807 12.815 12.773 12.892 13 16.38 19.21 19.42 17.312 13.113 13.048 13.073 13.17 13.19 13.523 13.113 13.042 13.865 13.613 13.443 13.038 12.977 13.202 12.98 13.068 13.44 13.528 15.385 16.057 15.99 13.462 12.993 13 13.042 13.015 12.97 13.08 17.983 17.415 15.392 13.26 13.038 13.112 13.405 13.13 13.03 13.05 13.09 13.637 13.167 13.278 13.27 13.403
13.04 13.013 13.015 13.01 13.028 13.035 13.038 13.042 13.057 13.073 13.073 13.077 13.083 13.07 13.025 13.03 13.025 13.052 12.995 12.858 12.847 12.818 12.818 12.995 13.318 15.017 15.145 17.915 15.292 13.057 13.087 13.132 13.15 13.217 13.27 13.105 13.068 13.065 13.033 13.042 13.062 12.96 12.962 12.945 12.945 13.003 12.96 12.995 13.985 14.39 13.125 12.955 12.967 12.962 12.952 13.323 18.528 20.048 19.255 18.11 15.668 13.165 13.983 13.578 13.168 13.142 13.052 13.085 13.715 13.33 13.34 13.32 13.337
12.99 13.003 13.007 13.028 13.012 13.038 13.002 13.033 13.048 13.08 13.105 13.113 13.11 13.087 13.055 13.043 13.043 13.042 12.952 12.863 12.87 12.835 12.898 13.165 13.977 13.638 14.858 14.05 13.06 13.115 13.16 13.193 13.22 13.708 13.488 13.12 13.105 13.095 13.08 13.135 13.02 12.962 12.938 12.935 12.958 13.087 12.98 12.993 13.005 13.105 13.235 12.975 12.972 12.997 13.015 15.672 19.015 19.86 20.003 17.94 16.807 15.113 16.185 13.972 13.087 13.202 13.097 13.083 13.118 13.102 13.227 13.278 13.25
13.172 12.977 12.983 13.01 13.04 13.078 13.052 13.078 13.075 13.102 13.12 13.145 13.132 13.128 13.115 13.085 13.055 13.01 12.895 12.898 12.878 12.93 13 13.545 14.007 14.025 16.27 16.855 15.467 13.58 13.193 13.253 13.25 14.387 15.007 14.307 14.462 15.002 15.108 14.26 14.122 14.16 14.127 13.6 13.69 13.36 13.005 13.015 13.003 13.093 13.385 12.98 12.965 13.212 13.097 13.032 16.978 19.103 18.62 13.995 16.55 17.42 18.792 19.285 14.872 13.435 13.165 13.092 13.118 13.078 13.14 13.243 13.212
15.07 13.363 12.96 12.968 12.98 12.997 13.038 13.062 13.087 13.108 13.132 13.23 13.375 13.212 13.177 13.11 13.04 12.922 12.91 12.903 12.895 12.99 13.253 16.517 15.7 14.935 16.722 16.535 15.305 14.225 13.19 13.21 13.422 15.17 16.86 16.54 15.163 15.53 15.68 15.432 15.387 14.948 15.583 15.3 14.71 13.253 13.062 13.062 12.998 13.18 12.962 12.958 12.967 13.26 13.023 13.052 13.01 15.22 13.525 14.337 17.702 18.89 19.555 19.41 18.062 13.26 13.23 13.122 13.125 13.11 13.105 13.243 13.21
15.467 14.097 14.273 14.423 13.95 13.705 13.297 13.225 13.062 13.068 13.108 13.26 13.502 13.498 13.323 13.065 12.948 12.92 12.927 12.887 12.958 13.038 15.975 19.465 18.978 18.38 16.96 15.31 14.765 15.238 13.71 13.382 13.79 15.885 16.557 16.908 13.465 13.2 13.188 13.142 13.083 13.045 13.035 13.017 13.015 12.985 13.195 13.488 13.948 13.54 12.977 13.01 13.033 13.04 13.042 13.63 13.712 13.568 13.34 16.665 18.975 19.65 19.323 17.92 14.415 13.472 13.262 13.163 13.142 13.142 13.11 13.62 15.02
14.898 14.363 13.09 13.91 14.873 14.205 14.21 15.435 16.307 16.39 13.51 13.135 13.3 13.347 13.083 12.977 12.96 12.95 12.913 12.892 12.99 13.062 17.032 19.575 19.798 19.52 18.625 14.845 13.815 14.298 13.595 14.448 14.485 13.217 13.955 14.188 14.63 13.32 13.26 13.233 13.17 13.108 13.085 13.073 13.048 13.005 13.073 12.995 13.552 14.44 13.47 13.003 13.02 13.05 13.01 13.275 12.99 13.142 13.657 15.688 18.66 18.685 18.295 13.905 13.245 13.275 13.323 13.182 13.137 13.155 13.122 13.227 13.595
17.165 14.688 15.55 15.01 14.295 14.132 14.69 18.177 19.318 18.312 13.748 13.085 13.132 13.073 13.012 13.01 12.98 12.932 12.925 12.915 12.97 13.07 14.452 17.735 19.045 19.552 16.825 15.788 13.73 13.225 13.295 14.648 14.783 13.27 13.657 14.375 16.325 16.73 14.425 13.463 13.262 13.18 13.155 13.153 13.077 13.12 13.03 12.972 14.077 13.305 13.155 12.997 13.028 13.09 13.14 13.07 12.94 12.977 13.017 13.818 13.148 16.958 14.448 13.24 13.24 13.262 13.328 13.23 13.14 13.163 13.125 13.255 13.243
19.337 16.472 13.965 13.307 13.135 13.483 14.465 18.858 19.675 18.978 15.695 13.122 13.14 13.1 13.043 13.005 12.958 12.927 12.932 12.948 12.938 13.01 13.13 15.542 14.613 16.948 15.988 14.405 13.252 13.215 13.34 15.147 13.86 13.292 13.8 16.26 17.392 19.065 19.88 18.673 15.325 13.595 14.965 13.69 13.185 13.083 13.017 13.112 13.005 12.967 12.96 13.11 12.993 13.085 13.007 13.02 12.96 12.985 13.02 13.08 13.295 13.802 13.807 13.292 13.243 13.245 13.515 13.245 13.127 13.158 13.137 13.24 13.273
20.108 18.807 13.083 13.165 13.17 13.222 13.273 16.42 19.392 19.487 18.503 14.17 13.132 13.142 13.055 13.745 13.347 13.065 13.005 12.945 12.98 12.962 13.055 13.27 13.305 13.528 14.097 13.872 13.26 13.283 13.958 15.273 13.335 13.302 13.87 18.685 18.845 19.337 19.882 18.048 14.757 15.69 13.34 13.307 13.475 13.175 13.125 13.247 12.967 12.977 12.997 13.43 13.55 13.523 13.075 13.033 13.023 13.017 13.075 13.653 15.065 15.083 14.642 13.245 13.225 13.51 13.85 13.225 13.113 13.14 13.12 13.22 13.283
